[app/ui]
version = 6.6.2
modtime = 1501604134.204164000

[app/launcher]
version = 6.6.2
modtime = 1501604134.206468000

[views/contrast_security]
owner = admin
version = 6.6.2
modtime = 1502310845.982101000
